Quarter,China_Percent,USA_Percent,Kazakhstan_Percent,Russia_Percent,Canada_Percent,Other_Percent
Q1_2021,65,7,8,5,3,12
Q2_2021,45,17,15,8,5,10
Q3_2021,22,35,18,11,6,8
Q4_2021,20,37,18,11,7,7
Q1_2022,21,38,18,11,6,6
Q2_2022,22,37,13,12,8,8
Q3_2022,22,38,13,11,8,8
Q4_2022,21,38,13,11,9,8
Q1_2023,22,37,13,11,9,8
Q2_2023,21,38,13,11,9,8
Q3_2023,21,38,13,11,9,8
Q4_2023,20,38,13,11,10,8
